0 0.220501 0.256293 0.119469 0.169823
0 0.287611 0.355540 0.091445 0.169823
0 0.140118 0.429424 0.115044 0.145563
0 0.100295 0.560651 0.112094 0.165412
0 0.286873 0.851777 0.122419 0.178645
0 0.366519 0.750324 0.101770 0.183056
0 0.466077 0.784509 0.138643 0.180851
0 0.444690 0.502205 0.110619 0.172029
0 0.561947 0.597042 0.209440 0.238194
0 0.373894 0.223210 0.113569 0.138946
0 0.474189 0.187922 0.122419 0.165412
0 0.654130 0.191230 0.119469 0.224961
0 0.792035 0.287170 0.106195 0.209522
0 0.924041 0.894784 0.148968 0.198495
0 0.880531 0.083485 0.138643 0.166970
0 0.446903 0.327971 0.150442 0.198495