8 0.387168 0.445465 0.210914 0.247887
8 0.158555 0.367381 0.222714 0.304901
8 0.268437 0.162874 0.203540 0.297464
8 0.515487 0.146761 0.178466 0.255323
8 0.531711 0.381014 0.128319 0.327211
8 0.717552 0.326479 0.151917 0.252845
8 0.668879 0.642535 0.249263 0.290028
8 0.207965 0.677239 0.165192 0.255323
8 0.450590 0.662366 0.196165 0.319774
8 0.844395 0.547098 0.163717 0.332168
8 0.945428 0.316564 0.109144 0.282591
8 0.055310 0.869351 0.104720 0.237971
8 0.282448 0.868112 0.231563 0.255323
8 0.536136 0.856957 0.178466 0.267718
8 0.822271 0.917324 0.340708 0.165352